#NWTiS 2024.
#Thu Mar 07 10:23:41 CET 2024
id=3
maxSpeed=23
maxDuration=7
maxDistance=70
radarAddress=Zagrebačka 34, 42000 Varaždin
gpsWidth=46.30172
gpsLength=16.33881
