#NWTiS 2024.
#Thu Mar 07 10:23:41 CET 2024
id=1
maxSpeed=15
maxDuration=7
maxDistance=1000
radarAddress=Jalkovecka 52, 42000 Varazdin
gpsWidth=46.29950
gpsLength=16.33001
